711,4
723,4
864,5
870,5
872,3
857,6
864,3
864,4
843,3
857,3
860,5
860,4
857,5
857,4
867,3
867,4
868,5
868,4
873,3
873,5
873,4
874,3
874,5
874,4
840,3
841,3
841,5
842,7
842,4
863,3
866,3
866,8
866,7
866,6
866,4
870,6
876,4
688,6
625,23
688,10
688,7
688,18
652,3
763,4
898,32
898,7
896,5
896,4
895,5
894,5
894,4
893,5
899,3
899,5
898,17
898,14
898,12
960,673
960,672
960,671
587,4
587,3
637,9
637,8
637,4
945,6
945,5
945,4
960,670
929,7
843,4
843,5
838,5
846,7
846,3
846,6
846,5
846,4
760,54
746,3
824,3
634,4
960,669
960,668
960,667
960,666
960,665
960,664
732,5
715,9
715,5
625,17
564,3
564,7
564,6
564,5
2,10
824,4
741,4
521,4
999,4
703,4
747,4
592,4
1006,4
890,4
812,4
939,4
554,4
539,4
693,4
987,4
692,4
581,3
744,4
903,4
746,4
646,4
679,4
597,4
761,4
865,4
842,5
838,4
898,35
898,20
898,11
0,442
2,25
0,399
0,400
0,445
990,5
738,3
626,6
626,5
982,5
630,4
960,663
945,3
576,3
569,4
668,15
668,13
668,12
668,8
668,7
668,9
624,23
624,5
624,20
624,4
624,17
624,3
893,4
0,444
0,422
898,29
898,24
972,6
972,5
578,6
883,5
883,4
0,378
0,446
0,424
760,50
760,31
760,29
760,39
939,3
983,3
983,5
994,6
994,3
960,271
960,270
960,268
960,267
960,263
960,265
960,260
960,262
960,259
960,257
960,142
960,139
960,137
960,133
960,134
960,129
960,61
960,52
960,49
960,157
960,155
960,153
960,152
960,150
960,149
960,147
960,144
960,60
960,57
960,30
960,26
960,23
960,22
960,19
960,17
960,53
960,14
960,11
960,9
960,6
960,4
960,255
960,254
960,252
960,251
960,249
960,248
960,246
960,244
960,243
960,241
960,240
960,238
960,236
960,235
960,233
960,232
960,230
960,228
960,227
960,225
960,224
960,222
960,221
960,219
960,217
960,216
960,214
960,213
960,211
960,209
960,208
960,206
960,205
960,203
960,202
960,200
960,198
960,197
960,195
960,194
960,192
960,126
960,125
960,122
960,120
960,114
960,112
960,109
960,107
960,104
960,101
960,99
960,96
960,95
960,91
960,90
960,87
960,84
960,82
960,79
960,77
960,74
960,71
960,69
960,66
960,65
960,36
960,34
960,31
960,39
960,47
960,44
960,41
990,4
678,6
673,5
960,117
960,190
960,189
960,477
960,475
960,474
960,473
960,472
960,471
960,470
960,469
960,467
960,468
960,465
960,466
960,464
960,463
960,461
960,462
960,460
960,459
960,458
960,456
960,455
960,457
960,454
960,453
960,451
960,452
960,449
960,450
960,448
960,319
960,318
960,316
960,161
960,314
960,317
960,315
960,313
960,160
960,312
960,158
960,309
960,310
960,308
960,307
960,311
960,306
960,305
960,303
960,304
960,302
960,300
960,301
960,299
960,298
960,296
960,297
960,294
960,352
960,351
960,295
960,291
960,293
960,349
960,347
960,346
960,344
960,343
960,292
960,289
960,288
960,341
960,290
960,339
960,338
960,287
960,336
960,335
960,333
960,285
960,332
960,330
960,286
960,328
960,283
960,281
960,327
960,325
960,324
960,284
960,322
960,282
960,320
960,280
960,278
960,276
960,279
960,277
960,273
960,274
960,275
960,272
960,269
960,266
960,264
960,261
960,258
960,256
960,143
960,140
960,138
960,135
960,132
960,130
960,131
960,128
960,62
960,63
960,54
960,51
960,50
960,400
960,398
960,397
960,395
960,393
960,392
960,390
960,389
960,387
960,385
960,384
960,382
960,381
960,379
960,377
960,376
960,374
960,373
960,371
960,370
960,368
960,366
960,365
960,363
960,362
960,360
960,358
960,357
960,355
960,354
960,447
960,446
960,444
960,442
960,441
960,439
960,438
960,436
960,435
960,433
960,431
960,430
960,428
960,427
960,425
960,423
960,422
960,420
960,419
960,417
960,416
960,414
960,412
960,411
960,409
960,408
960,406
960,404
960,403
960,401
960,522
960,521
960,520
960,519
960,518
960,611
960,609
960,608
960,606
960,517
960,605
960,603
960,601
960,600
960,598
960,597
960,516
960,595
960,593
960,592
960,590
960,589
960,515
960,587
960,586
960,584
960,582
960,581
960,514
960,579
960,578
960,513
960,512
960,162
960,159
960,156
960,154
960,151
960,148
960,146
960,145
960,141
960,136
960,191
960,59
960,58
960,56
960,55
960,40
960,576
960,655
960,654
960,652
960,651
960,649
960,647
960,646
960,644
960,643
960,641
960,639
960,638
960,636
960,635
960,633
960,632
960,630
960,628
960,627
960,625
960,624
960,622
960,620
960,619
960,617
960,616
960,614
960,612
960,704
988,18
988,17
988,15
988,14
988,12
988,9
988,7
988,6
997,5
992,4
994,5
988,4
961,5
961,4
961,3
988,11
988,3
960,480
960,478
960,662
960,661
960,523
960,660
960,659
960,658
960,479
960,657
960,476
960,656
960,653
960,650
960,648
960,645
960,642
960,640
960,637
960,634
960,631
960,629
960,626
960,623
960,621
960,618
960,615
960,613
960,610
960,607
960,604
960,602
960,599
960,596
960,594
960,591
960,588
960,585
960,583
960,580
960,5
960,577
960,445
960,443
960,440
960,437
960,434
960,432
960,429
960,426
960,424
960,421
960,418
960,415
960,413
960,410
960,407
960,405
960,402
960,399
960,396
960,394
960,391
960,388
960,386
960,383
960,380
960,378
960,375
960,372
960,369
960,367
960,364
960,361
960,359
960,356
960,353
960,350
960,348
960,345
960,342
960,340
960,337
960,334
960,331
960,329
960,326
960,323
960,321
960,253
960,250
960,247
960,245
960,242
960,239
960,237
960,234
960,231
960,229
960,226
960,223
960,220
960,218
960,215
960,212
960,210
960,207
960,204
960,201
960,199
960,196
960,193
960,127
960,124
960,123
960,121
960,119
960,118
960,116
960,115
960,113
960,111
960,110
960,108
960,106
960,105
960,103
960,102
960,100
960,98
960,97
960,94
960,93
960,92
960,89
960,88
960,86
960,85
960,83
960,81
960,80
960,78
960,76
960,75
960,73
960,72
960,70
960,68
960,67
960,64
960,38
960,37
960,35
960,33
960,32
960,48
960,46
960,45
960,29
960,28
960,27
997,4
960,25
960,24
960,21
960,20
960,18
960,16
960,15
960,13
960,12
960,10
960,7
960,3
960,43
960,42
960,8
0,403
0,425
760,45
2,11
0,304
0,303
0,317
0,12
0,443
0,11
0,10
0,421
0,8
948,3
948,4
673,12
774,5
650,4
778,5
778,4
897,5
677,6
885,4
883,6
898,4
972,4
708,3
901,4
990,3
808,3
775,4
786,4
774,6
785,5
777,5
805,6
668,14
668,5
735,4
734,5
898,26
898,21
895,4
898,38
898,8
886,3
900,6
897,9
990,6
988,16
988,13
988,10
988,8
988,5
760,37
760,7
760,34
760,5
993,3
994,4
688,15
688,4
879,3
691,4
690,5
0,300
0,299
0,298
0,297
0,296
0,295
0,294
0,293
0,292
0,291
0,290
0,289
0,288
0,287
0,286
0,285
0,284
0,283
0,282
0,281
0,280
0,279
0,278
0,275
0,274
0,273
0,272
0,271
0,270
0,269
0,268
0,267
0,266
0,265
0,264
0,263
0,262
0,261
0,260
0,259
0,258
0,257
0,256
0,255
0,254
0,253
0,252
0,251
0,250
0,249
0,248
0,247
0,246
0,245
0,244
0,242
0,241
0,240
0,239
0,238
0,237
0,236
0,235
0,234
0,233
0,232
0,231
0,230
0,229
0,228
0,227
0,226
0,225
0,224
0,223
0,222
0,221
0,220
0,219
0,218
0,217
0,216
0,215
0,214
0,213
0,212
0,211
0,210
0,209
0,208
0,207
0,206
0,205
0,204
0,203
0,202
0,201
0,200
0,199
0,198
0,197
0,196
0,195
0,194
0,193
0,192
0,63
0,62
0,61
0,60
0,59
0,58
0,57
0,56
0,55
0,54
0,53
0,52
0,51
0,50
0,49
0,48
0,47
0,46
0,45
0,6
0,277
0,276
997,3
673,9
929,4
760,53
760,52
760,51
760,10
648,0
645,3
645,0
643,4
643,3
643,0
642,5
642,4
642,3
642,0
639,4
639,3
639,0
638,4
638,3
638,0
637,7
637,6
637,5
637,3
637,0
636,5
636,4
636,3
636,0
635,4
635,3
635,0
633,4
633,3
633,0
630,3
630,0
629,4
629,3
629,0
627,6
627,5
627,4
627,3
627,0
625,22
625,21
625,20
625,18
625,16
625,15
625,14
625,13
625,12
625,11
625,10
625,9
625,8
625,7
625,6
625,5
625,4
625,3
625,1
625,0
623,10
623,9
623,8
623,7
623,6
623,5
623,4
623,3
623,1
623,0
600,4
600,3
600,0
596,11
596,10
596,9
596,8
596,7
596,6
596,5
596,4
596,3
596,1
596,0
595,5
595,4
595,3
595,0
588,7
588,5
588,4
588,3
588,0
586,6
586,4
586,3
586,0
585,7
585,4
585,3
585,0
584,4
584,3
584,0
554,3
554,0
544,6
544,5
544,3
544,0
543,8
543,7
543,6
543,5
543,4
543,3
543,0
542,7
542,6
542,5
542,4
542,3
542,0
541,6
541,4
541,3
541,0
540,7
540,5
540,4
540,3
540,0
539,3
539,0
531,3
531,0
2,82
2,81
2,80
2,79
2,78
2,77
2,76
2,75
2,74
2,73
2,72
2,71
2,70
2,69
2,67
2,83
2,66
2,65
2,64
2,35
2,34
2,33
4,3
2,32
2,31
2,30
2,29
2,28
2,27
2,26
2,24
2,23
2,22
2,21
2,19
2,18
2,17
2,16
2,14
2,13
2,12
2,9
2,8
2,7
2,6
2,5
2,3
1,7
1,6
1,5
1,4
1,3
0,511
0,510
0,468
0,467
0,464
0,462
0,461
0,460
0,459
0,458
0,457
0,455
0,452
0,426
0,420
0,419
0,402
0,395
0,394
0,384
0,382
0,376
0,372
0,366
0,365
0,364
0,363
0,336
0,321
0,243
0,9
0,1
648,3
648,4
650,3
650,5
668,3
668,4
668,6
668,10
668,11
670,0
670,3
673,0
673,3
673,4
673,6
673,7
673,11
673,13
674,3
678,3
678,4
688,0
688,1
688,3
688,5
688,8
688,9
688,11
688,12
688,14
688,16
688,17
688,19
689,0
689,4
690,3
690,4
691,0
691,3
691,5
693,0
708,0
711,0
711,3
715,0
715,3
715,8
723,0
723,3
732,0
732,3
733,0
734,0
734,3
735,0
735,3
735,6
746,0
755,0
760,0
760,1
760,3
760,4
760,6
760,8
760,9
760,11
760,25
760,27
760,28
760,30
760,32
760,33
760,35
760,36
760,38
760,40
760,41
760,43
760,44
760,46
760,47
760,49
765,0
765,3
767,3
767,5
774,3
775,0
775,3
775,5
775,6
777,3
778,0
778,3
781,3
781,4
782,3
785,0
785,4
786,0
786,3
786,5
790,0
790,5
801,3
801,4
802,3
802,4
804,3
804,4
805,3
805,7
808,0
817,0
817,3
838,3
842,0
842,3
865,0
865,3
870,3
870,4
879,0
883,0
883,3
885,0
885,3
886,0
887,0
887,3
888,3
888,5
892,3
892,5
897,3
897,6
897,8
897,10
898,0
898,3
898,5
898,6
898,9
898,10
898,13
898,15
898,16
898,18
898,19
898,22
898,23
898,25
898,27
898,28
898,31
898,33
899,0
899,4
900,0
900,4
900,5
901,0
901,3
929,0
929,2
929,3
929,5
929,6
929,8
930,3
939,0
946,3
946,4
946,6
946,9
946,41
946,43
946,44
946,46
946,47
946,49
946,51
946,53
946,55
946,56
946,58
946,60
946,61
946,192
946,193
946,195
946,198
946,200
946,208
946,210
946,212
946,213
946,215
946,217
946,218
946,220
946,221
946,223
946,224
946,226
946,228
946,229
946,231
946,232
946,234
946,236
946,237
946,239
946,240
946,242
946,243
946,245
946,247
946,248
946,250
946,251
946,253
946,344
946,345
946,347
946,348
946,350
946,351
946,353
946,355
946,356
946,358
946,359
946,361
946,363
946,364
946,366
946,367
946,369
946,371
946,372
946,374
946,375
946,377
946,378
946,380
946,382
946,383
946,385
946,386
946,388
946,390
946,391
946,393
946,394
946,396
946,397
946,399
946,401
946,402
946,404
946,405
946,407
946,409
946,410
946,412
946,413
946,415
946,416
946,418
946,420
946,421
946,423
946,424
946,426
946,428
946,429
946,431
946,432
946,434
946,436
946,437
946,439
946,440
946,442
946,443
946,445
946,447
946,448
946,450
946,451
946,453
946,455
946,456
946,458
946,459
946,461
946,463
946,466
946,469
946,471
946,474
946,475
946,479
946,482
946,483
946,486
946,488
946,491
946,493
946,496
946,499
946,501
946,504
946,505
946,509
946,512
946,513
946,517
946,518
946,521
946,524
946,526
946,529
946,531
946,534
946,536
946,539
946,542
946,544
946,547
946,548
946,551
946,555
946,556
946,559
946,561
946,564
946,566
946,569
946,572
946,574
946,577
946,578
946,582
946,585
946,586
946,589
946,591
946,594
946,596
946,599
946,602
946,604
946,607
946,609
946,612
946,615
946,616
946,620
946,621
946,624
946,626
946,629
946,632
946,634
946,637
946,639
946,642
946,645
946,647
946,650
946,651
946,654
946,658
946,659
946,662
946,664
946,667
946,669
946,672
946,675
946,677
946,680
946,681
946,685
946,688
946,689
946,693
946,694
946,697
946,699
946,702
946,705
946,707
946,710
946,712
946,715
946,718
946,719
946,723
946,724
946,727
946,729
946,732
946,735
946,737
946,740
946,742
946,745
946,748
946,750
946,753
946,754
946,758
946,761
946,762
946,765
946,767
946,770
946,772
946,775
946,778
946,780
946,783
558,6
558,5
558,4
558,3
558,0
557,6
557,4
557,3
557,0
946,784
841,4
946,788
946,791
946,792
946,796
946,797
946,800
946,802
946,805
946,808
946,810
946,813
946,815
946,818
946,821
946,822
946,826
946,827
946,830
946,832
946,835
946,838
946,840
946,843
946,845
946,848
946,851
946,853
946,856
946,857
946,861
946,862
776,5
776,4
777,4
776,3
776,0
790,4
790,6
946,865
946,868
946,870
946,873
946,875
899,1
899,2
946,878
946,881
946,883
946,886
896,3
896,0
894,3
894,0
587,2
946,887
824,2
637,2
946,891
946,894
945,2
946,895
946,899
946,955
946,958
946,960
846,2
846,1
587,1
587,0
824,1
637,1
946,963
946,966
709,4
709,3
709,0
625,2
634,3
634,0
946,968
946,971
564,0
946,973
946,976
946,979
741,3
741,0
2,4
521,3
521,0
703,3
703,0
747,3
747,0
592,3
592,0
890,3
890,0
812,3
812,0
692,3
692,0
581,0
744,3
744,0
903,3
903,0
646,3
646,0
679,3
679,0
597,3
597,0
946,981
946,984
738,0
626,3
626,0
824,0
946,985
576,0
668,2
946,988
946,990
668,1
946,993
946,996
946,998
629,6
2,20
652,0
567,5
567,4
883,2
763,3
763,0
768,3
768,0
761,3
761,0
883,1
760,14
760,24
760,23
760,22
760,21
760,20
760,19
760,18
760,17
760,16
760,15
760,13
760,12
946,1001
946,1003
946,1006
946,1009
946,1011
946,1014
946,1015
946,1019
946,1020
946,1023
946,1027
946,1028
946,1088
946,1090
946,1093
946,1096
946,1098
946,1154
946,1156
946,1159
946,1162
946,1163
946,1167
946,1168
946,1171
946,1173
946,1176
946,1179
946,1181
946,1184
946,1186
946,1189
946,1192
946,1194
946,1197
946,1198
946,1201
946,1203
946,1206
946,1209
946,1211
946,1214
946,1216
946,1219
946,1282
946,1284
946,1287
946,1288
946,1292
946,1293
946,1296
946,1300
946,1301
946,1304
946,1306
946,1309
946,1312
946,1314
946,1317
946,1319
946,1322
946,1323
946,1326
946,1330
946,1331
946,1334
946,1336
946,1339
946,1342
946,1344
947,1
947,3
948,1
949,0
949,1
949,4
949,6
949,9
949,11
950,2
950,5
951,1
951,4
951,5
952,2
952,5
952,6
953,2
953,4
954,0
954,2
955,0
955,3
956,0
956,3
956,4
957,1
957,4
957,5
958,3
958,4
959,1
959,3
960,1
961,0
961,1
962,0
960,2
962,2
962,3
963,1
963,3
964,0
964,2
964,3
965,0
965,1
965,3
965,5
965,6
966,1
966,2
966,4
966,6
967,0
967,2
967,3
968,0
968,2
968,3
969,1
969,2
969,4
969,5
969,7
970,1
970,2
970,4
970,5
970,7
971,1
971,2
971,4
971,5
972,0
972,1
972,3
973,1
973,2
973,4
974,1
974,2
974,4
974,5
975,0
975,1
975,3
975,5
975,6
976,1
976,2
976,4
977,0
977,1
977,3
977,4
978,0
978,2
978,3
978,5
979,0
979,2
979,3
980,0
980,2
980,3
980,5
980,6
981,0
981,2
981,3
981,5
982,0
982,2
982,3
983,1
983,2
983,4
984,1
984,3
984,4
985,0
985,1
985,3
986,0
986,2
986,4
986,5
986,7
986,8
986,10
986,12
986,13
986,15
986,16
986,18
986,19
986,21
987,0
987,1
987,3
988,1
989,1
989,3
989,4
989,6
990,0
990,2
990,7
991,0
991,2
991,3
992,1
992,3
993,1
993,2
994,0
994,2
995,1
995,2
995,4
996,1
996,2
996,4
997,0
997,2
998,1
998,2
998,4
999,0
999,1
999,3
1000,1
1000,2
1000,4
1001,0
1001,1
1001,3
1002,0
1002,2
1002,4
1002,5
1003,1
1003,2
1003,4
1003,5
1004,1
1004,3
1004,4
1005,1
1005,2
1005,4
1006,1
1006,2
1007,0
1007,2
1007,3
